1 0 3 0
2 0 7 0
3 0 48 0
4 0 8 0
5 0 59 0
6 0 18 0
7 0 29 0
8 0 22 0
9 0 17 0
10 0 8 0
11 4 27 1
12 4 4 1
13 5 5 12
14 5 7 12
15 8 26 14
16 8 18 14
17 9 31 4
18 9 41 4
19 9 15 10
20 9 33 10
21 16 20 19
22 16 21 19
23 18 99 9
24 18 20 9
25 19 44 16
26 19 47 16
27 19 42 6
28 19 23 6
29 21 66 21
30 21 58 21
31 22 33 22
32 22 38 22
33 23 31 8
34 23 27 8
35 27 58 15
36 27 33 15
37 28 28 11
38 28 31 11
39 28 39 34
40 28 49 34
41 29 53 37
42 29 31 37
43 30 63 7
44 30 35 7
45 32 41 42
46 32 32 42
47 32 40 38
48 32 99 38
49 32 36 33
50 32 32 33
51 33 65 46
52 33 56 46
53 33 86 50
54 33 33 50
55 34 99 36
56 34 47 36
57 34 44 54
58 34 35 54
59 34 35 31
60 34 40 31
61 36 45 44
62 36 73 44
63 36 41 59
64 36 61 59
65 37 61 49
66 37 50 49
67 39 60 32
68 39 47 32
69 40 41 39
70 40 71 39
71 41 69 47
72 41 99 47
73 41 77 60
74 41 50 60
75 42 44 45
76 42 50 45
77 42 55 69
78 42 61 69
79 42 48 63
80 42 80 63
81 43 48 27
82 43 58 27
83 45 89 57
84 45 75 57
85 46 72 61
86 46 54 61
87 48 89 56
88 48 56 56
89 48 53 26
90 48 93 26
91 48 60 0
92 49 72 79
93 49 57 79
94 50 58 40
95 50 64 40
96 51 55 76
97 51 77 76
98 51 71 74
99 51 99 74
100 54 54 41
101 54 99 41
102 54 68 89
103 54 99 89
104 55 64 100
105 55 87 100
106 55 68 86
107 55 67 86
108 56 57 96
109 56 75 96
110 56 58 77
111 56 57 77
112 57 78 52
113 57 75 52
114 57 84 88
115 57 87 88
116 58 95 108
117 58 71 108
118 58 67 111
119 58 68 111
120 58 67 93
121 58 58 93
122 59 99 35
123 59 99 35
124 59 85 82
125 59 99 82
126 59 59 110
127 59 81 110
128 59 99 94
129 59 86 94
130 59 99 30
131 59 70 30
132 59 65 121
133 59 64 121
134 60 85 126
135 60 99 126
136 61 80 67
137 61 76 67
138 61 75 91
139 61 79 91
140 62 72 78
141 62 90 78
142 62 75 64
143 62 85 64
144 65 71 104
145 65 95 104
146 65 78 95
147 65 65 95
148 66 75 51
149 66 95 51
150 66 69 147
151 66 99 147
152 66 91 132
153 66 99 132
154 67 99 29
155 67 99 29
156 68 83 107
157 68 79 107
158 68 74 118
159 68 82 118
160 68 72 120
161 68 94 120
162 69 99 102
163 69 84 102
164 69 99 106
165 69 90 106
166 69 99 119
167 69 70 119
168 70 88 150
169 70 70 150
170 71 72 167
171 71 84 167
172 71 90 169
173 71 75 169
174 72 89 144
175 72 99 144
176 72 87 117
177 72 72 117
178 72 98 70
179 72 99 70
180 72 99 98
181 72 78 98
182 73 99 177
183 73 99 177
184 73 83 85
185 73 99 85
186 73 76 170
187 73 99 170
188 73 87 92
189 73 75 92
190 73 79 160
191 73 86 160
192 75 85 158
193 75 99 158
194 76 77 148
195 76 76 148
196 76 85 113
197 76 99 113
198 76 99 189
199 76 81 189
200 76 99 142
201 76 79 142
202 76 87 138
203 76 77 138
204 77 84 195
205 77 99 195
206 77 99 186
207 77 95 186
208 77 99 137
209 77 80 137
210 78 99 194
211 78 99 194
212 78 99 73
213 78 99 73
214 79 91 112
215 79 99 112
216 79 87 181
217 79 99 181
218 80 99 157
219 80 80 157
220 80 91 190
221 80 84 190
222 80 99 201
223 80 84 201
224 80 94 139
225 80 83 139
226 81 82 219
227 81 89 219
228 81 99 80
229 81 89 80
230 81 87 209
231 81 99 209
232 82 99 127
233 82 99 127
234 82 99 199
235 82 99 199
236 84 85 225
237 84 90 225
238 85 99 114
239 85 99 114
240 85 86 163
241 85 90 163
242 85 99 171
243 85 90 171
244 85 94 221
245 85 86 221
246 86 89 196
247 86 99 196
248 86 99 124
249 86 93 124
250 86 99 134
251 86 99 134
252 86 99 192
253 86 99 192
254 87 99 240
255 87 99 240
256 87 92 53
257 87 99 53
258 87 99 129
259 87 90 129
260 88 99 105
261 88 98 105
262 88 99 176
263 88 89 176
264 88 97 115
265 88 96 115
266 88 95 188
267 88 89 188
268 88 96 202
269 88 89 202
270 90 94 174
271 90 95 174
272 90 99 263
273 90 99 263
274 90 99 227
275 90 99 227
276 90 98 83
277 90 99 83
278 90 99 267
279 90 95 267
280 90 99 229
281 90 99 229
282 90 98 269
283 90 99 269
284 91 99 241
285 91 92 241
286 91 99 165
287 91 99 165
288 91 99 243
289 91 99 243
290 91 99 141
291 91 91 141
292 91 98 259
293 91 99 259
294 91 95 172
295 91 99 172
296 91 92 237
297 91 99 237
298 92 94 214
299 92 99 214
300 92 99 291
301 92 92 291
302 92 99 220
303 92 99 220
304 93 99 285
305 93 98 285
306 93 99 256
307 93 93 256
308 93 99 301
309 93 99 301
310 93 99 296
311 93 99 296
312 94 98 249
313 94 94 249
314 95 99 270
315 95 98 270
316 95 99 298
317 95 99 298
318 95 99 313
319 95 99 313
320 95 99 244
321 95 99 244
322 95 99 224
323 95 99 224
324 96 99 271
325 96 99 271
326 96 98 145
327 96 99 145
328 96 99 116
329 96 99 116
330 96 99 149
331 96 99 149
332 96 97 207
333 96 96 207
334 96 99 294
335 96 99 294
336 96 99 266
337 96 99 266
338 96 99 279
339 96 99 279
340 97 99 268
341 97 99 268
342 98 99 264
343 98 99 264
344 98 99 332
345 98 99 332
346 99 99 315
347 99 99 315
348 99 99 326
349 99 99 326
350 99 99 261
351 99 99 261
352 99 99 312
353 99 99 312
354 99 99 178
355 99 99 178
356 99 99 292
357 99 99 292
